mean1 = [0.04]

absmean1 = [10.0]

deviation1 = [10.310190686888385]

times1 = ['--- 2.1457672119140625e-06 seconds ---',
 '--- 9.5367431640625e-07 seconds ---']
